   3  4   5     6     7   8  9
3  4  1   0    20     5   0  0
4  2  0   1   132    80   1  0
5  2  2  13  1370   726  25  0
6  3  2   3  1131  1643  54  0
7  0  0   3   186   865  25  0
8  0  0   0    34   146  13  0
9  0  0   0     0     4   1  0
    3   4     5     6    7   8    9
3   7   4     8     7    2   0    2
4   4  26    83    74   25   1    3
5  27  55  1045   834  133   2   42
6  16  60   715  1200  548  18  279
7   5  13   105   321  314  30  291
8   0   1     9    52   63  16   52
9   0   0     0     1    0   0    4